cifti_data: (1, 91282)
380
0 : ('???', (1.0, 1.0, 1.0, 0.0))
1 : ('R_V1_ROI', (0.298039, 0.0196078, 1.0, 1.0))
2 : ('R_MST_ROI', (0.203922, 0.423529, 0.517647, 1.0))
3 : ('R_V6_ROI', (0.262745, 0.368627, 0.670588, 1.0))
4 : ('R_V2_ROI', (0.101961, 0.211765, 0.937255, 1.0))
5 : ('R_V3_ROI', (0.0705882, 0.12549, 0.941176, 1.0))
6 : ('R_V4_ROI', (0.0784314, 0.141176, 0.87451, 1.0))
7 : ('R_V8_ROI', (0.117647, 0.243137, 0.815686, 1.0))
8 : ('R_4_ROI', (0.152941, 0.686275, 0.109804, 1.0))
9 : ('R_3b_ROI', (0.156863, 0.760784, 0.0901961, 1.0))
10 : ('R_FEF_ROI', (0.537255, 0.564706, 0.580392, 1.0))
11 : ('R_PEF_ROI', (0.65098, 0.701961, 0.662745, 1.0))
12 : ('R_55b_ROI', (0.435294, 0.411765, 0.301961, 1.0))
13 : ('R_V3A_ROI', (0.0941176, 0.27451, 0.992157, 1.0))
14 : ('R_RSC_ROI', (0.615686, 0.258824, 0.498039, 1.0))
15 : ('R_POS2_ROI', (0.823529, 0.45098, 0.792157, 1.0))
16 : ('R_V7_ROI', (0.101961, 0.360784, 0.756863, 1.0))
17 : ('R_IPS1_ROI', (0.223529, 0.482353, 0.67451, 1.0))
18 : ('R_FFC_ROI', (0.223529, 0.368627, 0.47451, 1.0))
19 : ('R_V3B_ROI', (0.160784, 0.286275, 0.870588, 1.0))
20 : ('R_LO1_ROI', (0.0666667, 0.262745, 0.811765, 1.0))
21 : ('R_LO2_ROI', (0.0823529, 0.207843, 0.713726, 1.0))
22 : ('R_PIT_ROI', (0.129412, 0.211765, 0.733333, 1.0))
23 : ('R_MT_ROI', (0.133333, 0.364706, 0.415686, 1.0))
24 : ('R_A1_ROI', (0.909804, 0.0470588, 0.168627, 1.0))
25 : ('R_PSL_ROI', (0.737255, 0.564706, 0.529412, 1.0))
26 : ('R_SFL_ROI', (0.254902, 0.223529, 0.2, 1.0))
27 : ('R_PCV_ROI', (0.521569, 0.556863, 0.607843, 1.0))
28 : ('R_STV_ROI', (0.564706, 0.439216, 0.423529, 1.0))
29 : ('R_7Pm_ROI', (0.619608, 0.803922, 0.74902, 1.0))
30 : ('R_7m_ROI', (0.192157, 0.180392, 0.192157, 1.0))
31 : ('R_POS1_ROI', (0.368627, 0.321569, 0.419608, 1.0))
32 : ('R_23d_ROI', (0.52549, 0.203922, 0.341176, 1.0))
33 : ('R_v23ab_ROI', (0.113725, 0.0235294, 0.0784314, 1.0))
34 : ('R_d23ab_ROI', (0.333333, 0.109804, 0.211765, 1.0))
35 : ('R_31pv_ROI', (0.27451, 0.0784314, 0.203922, 1.0))
36 : ('R_5m_ROI', (0.188235, 0.670588, 0.196078, 1.0))
37 : ('R_5mv_ROI', (0.552941, 0.619608, 0.505882, 1.0))
38 : ('R_23c_ROI', (0.843137, 0.74902, 0.764706, 1.0))
39 : ('R_5L_ROI', (0.258824, 0.627451, 0.282353, 1.0))
40 : ('R_24dd_ROI', (0.282353, 0.627451, 0.176471, 1.0))
41 : ('R_24dv_ROI', (0.466667, 0.603922, 0.262745, 1.0))
42 : ('R_7AL_ROI', (0.470588, 0.74902, 0.509804, 1.0))
43 : ('R_SCEF_ROI', (0.533333, 0.584314, 0.411765, 1.0))
44 : ('R_6ma_ROI', (0.596078, 0.662745, 0.537255, 1.0))
45 : ('R_7Am_ROI', (0.666667, 0.964706, 0.862745, 1.0))
46 : ('R_7PL_ROI', (0.654902, 1.0, 0.909804, 1.0))
47 : ('R_7PC_ROI', (0.294118, 0.698039, 0.411765, 1.0))
48 : ('R_LIPv_ROI', (0.254902, 0.505882, 0.690196, 1.0))
49 : ('R_VIP_ROI', (0.235294, 0.588235, 0.588235, 1.0))
50 : ('R_MIP_ROI', (0.505882, 0.792157, 0.772549, 1.0))
51 : ('R_1_ROI', (0.109804, 0.760784, 0.164706, 1.0))
52 : ('R_2_ROI', (0.227451, 0.701961, 0.282353, 1.0))
53 : ('R_3a_ROI', (0.207843, 0.870588, 0.109804, 1.0))
54 : ('R_6d_ROI', (0.145098, 0.635294, 0.164706, 1.0))
55 : ('R_6mp_ROI', (0.301961, 0.623529, 0.196078, 1.0))
56 : ('R_6v_ROI', (0.34902, 0.709804, 0.262745, 1.0))
57 : ('R_p24pr_ROI', (0.596078, 0.564706, 0.439216, 1.0))
58 : ('R_33pr_ROI', (0.47451, 0.364706, 0.356863, 1.0))
59 : ('R_a24pr_ROI', (0.686275, 0.486275, 0.490196, 1.0))
60 : ('R_p32pr_ROI', (0.670588, 0.560784, 0.505882, 1.0))
61 : ('R_a24_ROI', (0.313726, 0.0431373, 0.137255, 1.0))
62 : ('R_d32_ROI', (0.454902, 0.160784, 0.25098, 1.0))
63 : ('R_8BM_ROI', (0.521569, 0.313726, 0.360784, 1.0))
64 : ('R_p32_ROI', (0.47451, 0.2, 0.309804, 1.0))
65 : ('R_10r_ROI', (0.105882, 0.0, 0.0235294, 1.0))
66 : ('R_47m_ROI', (0.364706, 0.207843, 0.235294, 1.0))
67 : ('R_8Av_ROI', (0.356863, 0.266667, 0.262745, 1.0))
68 : ('R_8Ad_ROI', (0.25098, 0.235294, 0.188235, 1.0))
69 : ('R_9m_ROI', (0.196078, 0.105882, 0.0941176, 1.0))
70 : ('R_8BL_ROI', (0.160784, 0.12549, 0.0941176, 1.0))
71 : ('R_9p_ROI', (0.258824, 0.2, 0.2, 1.0))
72 : ('R_10d_ROI', (0.164706, 0.105882, 0.0980392, 1.0))
73 : ('R_8C_ROI', (0.482353, 0.329412, 0.360784, 1.0))
74 : ('R_44_ROI', (0.529412, 0.368627, 0.356863, 1.0))
75 : ('R_45_ROI', (0.32549, 0.243137, 0.219608, 1.0))
76 : ('R_47l_ROI', (0.227451, 0.105882, 0.121569, 1.0))
77 : ('R_a47r_ROI', (0.388235, 0.258824, 0.282353, 1.0))
78 : ('R_6r_ROI', (0.729412, 0.784314, 0.607843, 1.0))
79 : ('R_IFJa_ROI', (0.545098, 0.447059, 0.396078, 1.0))
80 : ('R_IFJp_ROI', (0.513726, 0.545098, 0.501961, 1.0))
81 : ('R_IFSp_ROI', (0.517647, 0.411765, 0.458824, 1.0))
82 : ('R_IFSa_ROI', (0.827451, 0.776471, 0.737255, 1.0))
83 : ('R_p9-46v_ROI', (0.6, 0.533333, 0.533333, 1.0))
84 : ('R_46_ROI', (0.768627, 0.780392, 0.729412, 1.0))
85 : ('R_a9-46v_ROI', (0.690196, 0.470588, 0.588235, 1.0))
86 : ('R_9-46d_ROI', (0.631373, 0.482353, 0.572549, 1.0))
87 : ('R_9a_ROI', (0.278431, 0.223529, 0.235294, 1.0))
88 : ('R_10v_ROI', (0.0, 0.0313726, 0.00392157, 1.0))
89 : ('R_a10p_ROI', (0.501961, 0.333333, 0.435294, 1.0))
90 : ('R_10pp_ROI', (0.231373, 0.172549, 0.211765, 1.0))
91 : ('R_11l_ROI', (0.494118, 0.368627, 0.435294, 1.0))
92 : ('R_13l_ROI', (0.462745, 0.341176, 0.388235, 1.0))
93 : ('R_OFC_ROI', (0.207843, 0.145098, 0.156863, 1.0))
94 : ('R_47s_ROI', (0.270588, 0.12549, 0.141176, 1.0))
95 : ('R_LIPd_ROI', (0.584314, 0.694118, 0.772549, 1.0))
96 : ('R_6a_ROI', (0.501961, 0.772549, 0.564706, 1.0))
97 : ('R_i6-8_ROI', (0.482353, 0.458824, 0.415686, 1.0))
98 : ('R_s6-8_ROI', (0.407843, 0.34902, 0.321569, 1.0))
99 : ('R_43_ROI', (0.588235, 0.533333, 0.258824, 1.0))
100 : ('R_OP4_ROI', (0.396078, 0.615686, 0.168627, 1.0))
101 : ('R_OP1_ROI', (0.364706, 0.560784, 0.141176, 1.0))
102 : ('R_OP2-3_ROI', (0.568627, 0.462745, 0.239216, 1.0))
103 : ('R_52_ROI', (0.792157, 0.266667, 0.219608, 1.0))
104 : ('R_RI_ROI', (0.643137, 0.329412, 0.168627, 1.0))
105 : ('R_PFcm_ROI', (0.67451, 0.572549, 0.34902, 1.0))
106 : ('R_PoI2_ROI', (0.517647, 0.486275, 0.32549, 1.0))
107 : ('R_TA2_ROI', (0.533333, 0.141176, 0.117647, 1.0))
108 : ('R_FOP4_ROI', (0.780392, 0.580392, 0.556863, 1.0))
109 : ('R_MI_ROI', (0.65098, 0.466667, 0.447059, 1.0))
110 : ('R_Pir_ROI', (0.419608, 0.309804, 0.282353, 1.0))
111 : ('R_AVI_ROI', (0.596078, 0.290196, 0.356863, 1.0))
112 : ('R_AAIC_ROI', (0.380392, 0.156863, 0.184314, 1.0))
113 : ('R_FOP1_ROI', (0.580392, 0.490196, 0.321569, 1.0))
114 : ('R_FOP3_ROI', (0.72549, 0.521569, 0.419608, 1.0))
115 : ('R_FOP2_ROI', (0.388235, 0.611765, 0.219608, 1.0))
116 : ('R_PFt_ROI', (0.423529, 0.792157, 0.45098, 1.0))
117 : ('R_AIP_ROI', (0.513726, 0.843137, 0.635294, 1.0))
118 : ('R_EC_ROI', (0.219608, 0.196078, 0.156863, 1.0))
119 : ('R_PreS_ROI', (0.403922, 0.266667, 0.380392, 1.0))
120 : ('R_H_ROI', (0.258824, 0.247059, 0.180392, 1.0))
121 : ('R_ProS_ROI', (0.388235, 0.32549, 0.694118, 1.0))
122 : ('R_PeEc_ROI', (0.25098, 0.235294, 0.211765, 1.0))
123 : ('R_STGa_ROI', (0.227451, 0.176471, 0.105882, 1.0))
124 : ('R_PBelt_ROI', (0.772549, 0.0862745, 0.0509804, 1.0))
125 : ('R_A5_ROI', (0.439216, 0.160784, 0.0235294, 1.0))
126 : ('R_PHA1_ROI', (0.290196, 0.239216, 0.337255, 1.0))
127 : ('R_PHA3_ROI', (0.372549, 0.419608, 0.494118, 1.0))
128 : ('R_STSda_ROI', (0.282353, 0.219608, 0.164706, 1.0))
129 : ('R_STSdp_ROI', (0.376471, 0.254902, 0.211765, 1.0))
130 : ('R_STSvp_ROI', (0.368627, 0.207843, 0.25098, 1.0))
131 : ('R_TGd_ROI', (0.145098, 0.133333, 0.105882, 1.0))
132 : ('R_TE1a_ROI', (0.0352941, 0.027451, 0.0, 1.0))
133 : ('R_TE1p_ROI', (0.443137, 0.407843, 0.403922, 1.0))
134 : ('R_TE2a_ROI', (0.282353, 0.223529, 0.223529, 1.0))
135 : ('R_TF_ROI', (0.266667, 0.290196, 0.247059, 1.0))
136 : ('R_TE2p_ROI', (0.427451, 0.545098, 0.501961, 1.0))
137 : ('R_PHT_ROI', (0.811765, 0.964706, 0.839216, 1.0))
138 : ('R_PH_ROI', (0.294118, 0.501961, 0.631373, 1.0))
139 : ('R_TPOJ1_ROI', (0.490196, 0.368627, 0.305882, 1.0))
140 : ('R_TPOJ2_ROI', (0.52549, 0.619608, 0.545098, 1.0))
141 : ('R_TPOJ3_ROI', (0.4, 0.54902, 0.560784, 1.0))
142 : ('R_DVT_ROI', (0.486275, 0.517647, 0.776471, 1.0))
143 : ('R_PGp_ROI', (0.596078, 0.788235, 0.866667, 1.0))
144 : ('R_IP2_ROI', (0.745098, 0.690196, 0.698039, 1.0))
145 : ('R_IP1_ROI', (0.513726, 0.454902, 0.505882, 1.0))
146 : ('R_IP0_ROI', (0.431373, 0.643137, 0.823529, 1.0))
147 : ('R_PFop_ROI', (0.643137, 0.745098, 0.509804, 1.0))
148 : ('R_PF_ROI', (1.0, 0.968627, 0.847059, 1.0))
149 : ('R_PFm_ROI', (0.670588, 0.482353, 0.529412, 1.0))
150 : ('R_PGi_ROI', (0.239216, 0.247059, 0.219608, 1.0))
151 : ('R_PGs_ROI', (0.411765, 0.321569, 0.321569, 1.0))
152 : ('R_V6A_ROI', (0.203922, 0.4, 0.701961, 1.0))
153 : ('R_VMV1_ROI', (0.235294, 0.27451, 0.682353, 1.0))
154 : ('R_VMV3_ROI', (0.2, 0.258824, 0.643137, 1.0))
155 : ('R_PHA2_ROI', (0.345098, 0.376471, 0.392157, 1.0))
156 : ('R_V4t_ROI', (0.0705882, 0.364706, 0.517647, 1.0))
157 : ('R_FST_ROI', (0.294118, 0.627451, 0.576471, 1.0))
158 : ('R_V3CD_ROI', (0.109804, 0.278431, 0.796078, 1.0))
159 : ('R_LO3_ROI', (0.254902, 0.4, 0.686275, 1.0))
160 : ('R_VMV2_ROI', (0.266667, 0.290196, 0.690196, 1.0))
161 : ('R_31pd_ROI', (0.392157, 0.172549, 0.321569, 1.0))
162 : ('R_31a_ROI', (0.576471, 0.388235, 0.490196, 1.0))
163 : ('R_VVC_ROI', (0.231373, 0.262745, 0.486275, 1.0))
164 : ('R_25_ROI', (0.141176, 0.0745098, 0.0509804, 1.0))
165 : ('R_s32_ROI', (0.129412, 0.0392157, 0.027451, 1.0))
166 : ('R_pOFC_ROI', (0.396078, 0.223529, 0.27451, 1.0))
167 : ('R_PoI1_ROI', (0.713726, 0.443137, 0.415686, 1.0))
168 : ('R_Ig_ROI', (0.415686, 0.501961, 0.156863, 1.0))
169 : ('R_FOP5_ROI', (0.682353, 0.368627, 0.431373, 1.0))
170 : ('R_p10p_ROI', (0.411765, 0.286275, 0.34902, 1.0))
171 : ('R_p47r_ROI', (0.635294, 0.443137, 0.494118, 1.0))
172 : ('R_TGv_ROI', (0.247059, 0.25098, 0.215686, 1.0))
173 : ('R_MBelt_ROI', (0.741176, 0.0392157, 0.0901961, 1.0))
174 : ('R_LBelt_ROI', (0.835294, 0.0901961, 0.117647, 1.0))
175 : ('R_A4_ROI', (0.607843, 0.137255, 0.0352941, 1.0))
176 : ('R_STSva_ROI', (0.168627, 0.141176, 0.109804, 1.0))
177 : ('R_TE1m_ROI', (0.360784, 0.207843, 0.239216, 1.0))
178 : ('R_PI_ROI', (0.498039, 0.207843, 0.219608, 1.0))
179 : ('R_a32pr_ROI', (0.619608, 0.301961, 0.415686, 1.0))
180 : ('R_p24_ROI', (0.494118, 0.14902, 0.294118, 1.0))
181 : ('L_V1_ROI', (0.262745, 0.0392157, 1.0, 1.0))
182 : ('L_MST_ROI', (0.192157, 0.356863, 0.498039, 1.0))
183 : ('L_V6_ROI', (0.192157, 0.333333, 0.658824, 1.0))
184 : ('L_V2_ROI', (0.0509804, 0.2, 0.929412, 1.0))
185 : ('L_V3_ROI', (0.0196078, 0.133333, 0.913725, 1.0))
186 : ('L_V4_ROI', (0.0352941, 0.0784314, 0.835294, 1.0))
187 : ('L_V8_ROI', (0.0705882, 0.160784, 0.74902, 1.0))
188 : ('L_4_ROI', (0.109804, 0.682353, 0.0823529, 1.0))
189 : ('L_3b_ROI', (0.113725, 0.8, 0.0745098, 1.0))
190 : ('L_FEF_ROI', (0.517647, 0.560784, 0.537255, 1.0))
191 : ('L_PEF_ROI', (0.541176, 0.611765, 0.580392, 1.0))
192 : ('L_55b_ROI', (0.235294, 0.341176, 0.192157, 1.0))
193 : ('L_V3A_ROI', (0.00784314, 0.235294, 0.968627, 1.0))
194 : ('L_RSC_ROI', (0.592157, 0.25098, 0.486275, 1.0))
195 : ('L_POS2_ROI', (0.733333, 0.368627, 0.733333, 1.0))
196 : ('L_V7_ROI', (0.0352941, 0.286275, 0.737255, 1.0))
197 : ('L_IPS1_ROI', (0.184314, 0.419608, 0.647059, 1.0))
198 : ('L_FFC_ROI', (0.223529, 0.333333, 0.462745, 1.0))
199 : ('L_V3B_ROI', (0.0784314, 0.188235, 0.792157, 1.0))
200 : ('L_LO1_ROI', (0.0, 0.160784, 0.721569, 1.0))
201 : ('L_LO2_ROI', (0.0352941, 0.113725, 0.713726, 1.0))
202 : ('L_PIT_ROI', (0.105882, 0.12549, 0.678431, 1.0))
203 : ('L_MT_ROI', (0.0941176, 0.317647, 0.380392, 1.0))
204 : ('L_A1_ROI', (0.886275, 0.0901961, 0.164706, 1.0))
205 : ('L_PSL_ROI', (0.388235, 0.286275, 0.184314, 1.0))
206 : ('L_SFL_ROI', (0.0784314, 0.192157, 0.0862745, 1.0))
207 : ('L_PCV_ROI', (0.509804, 0.521569, 0.603922, 1.0))
208 : ('L_STV_ROI', (0.521569, 0.32549, 0.290196, 1.0))
209 : ('L_7Pm_ROI', (0.596078, 0.721569, 0.733333, 1.0))
210 : ('L_7m_ROI', (0.133333, 0.141176, 0.145098, 1.0))
211 : ('L_POS1_ROI', (0.309804, 0.223529, 0.345098, 1.0))
212 : ('L_23d_ROI', (0.435294, 0.219608, 0.317647, 1.0))
213 : ('L_v23ab_ROI', (0.0745098, 0.0, 0.0313726, 1.0))
214 : ('L_d23ab_ROI', (0.262745, 0.109804, 0.196078, 1.0))
215 : ('L_31pv_ROI', (0.188235, 0.0666667, 0.160784, 1.0))
216 : ('L_5m_ROI', (0.14902, 0.65098, 0.192157, 1.0))
217 : ('L_5mv_ROI', (0.564706, 0.67451, 0.517647, 1.0))
218 : ('L_23c_ROI', (0.811765, 0.737255, 0.74902, 1.0))
219 : ('L_5L_ROI', (0.207843, 0.619608, 0.258824, 1.0))
220 : ('L_24dd_ROI', (0.231373, 0.627451, 0.14902, 1.0))
221 : ('L_24dv_ROI', (0.466667, 0.607843, 0.262745, 1.0))
222 : ('L_7AL_ROI', (0.411765, 0.772549, 0.533333, 1.0))
223 : ('L_SCEF_ROI', (0.392157, 0.564706, 0.32549, 1.0))
224 : ('L_6ma_ROI', (0.54902, 0.682353, 0.52549, 1.0))
225 : ('L_7Am_ROI', (0.694118, 0.956863, 0.87451, 1.0))
226 : ('L_7PL_ROI', (0.678431, 1.0, 0.937255, 1.0))
227 : ('L_7PC_ROI', (0.243137, 0.690196, 0.423529, 1.0))
228 : ('L_LIPv_ROI', (0.247059, 0.439216, 0.643137, 1.0))
229 : ('L_VIP_ROI', (0.180392, 0.556863, 0.545098, 1.0))
230 : ('L_MIP_ROI', (0.509804, 0.8, 0.784314, 1.0))
231 : ('L_1_ROI', (0.0431373, 0.760784, 0.137255, 1.0))
232 : ('L_2_ROI', (0.172549, 0.690196, 0.247059, 1.0))
233 : ('L_3a_ROI', (0.172549, 0.866667, 0.0862745, 1.0))
234 : ('L_6d_ROI', (0.0862745, 0.631373, 0.137255, 1.0))
235 : ('L_6mp_ROI', (0.243137, 0.631373, 0.164706, 1.0))
236 : ('L_6v_ROI', (0.262745, 0.670588, 0.207843, 1.0))
237 : ('L_p24pr_ROI', (0.521569, 0.513726, 0.388235, 1.0))
238 : ('L_33pr_ROI', (0.505882, 0.439216, 0.396078, 1.0))
239 : ('L_a24pr_ROI', (0.623529, 0.482353, 0.462745, 1.0))
240 : ('L_p32pr_ROI', (0.592157, 0.541176, 0.454902, 1.0))
241 : ('L_a24_ROI', (0.254902, 0.0431373, 0.0823529, 1.0))
242 : ('L_d32_ROI', (0.356863, 0.160784, 0.184314, 1.0))
243 : ('L_8BM_ROI', (0.423529, 0.317647, 0.321569, 1.0))
244 : ('L_p32_ROI', (0.364706, 0.129412, 0.203922, 1.0))
245 : ('L_10r_ROI', (0.0784314, 0.0196078, 0.0, 1.0))
246 : ('L_47m_ROI', (0.392157, 0.321569, 0.301961, 1.0))
247 : ('L_8Av_ROI', (0.215686, 0.223529, 0.184314, 1.0))
248 : ('L_8Ad_ROI', (0.243137, 0.243137, 0.184314, 1.0))
249 : ('L_9m_ROI', (0.145098, 0.152941, 0.0862745, 1.0))
250 : ('L_8BL_ROI', (0.0941176, 0.14902, 0.0705882, 1.0))
251 : ('L_9p_ROI', (0.145098, 0.160784, 0.109804, 1.0))
252 : ('L_10d_ROI', (0.12549, 0.137255, 0.105882, 1.0))
253 : ('L_8C_ROI', (0.388235, 0.309804, 0.32549, 1.0))
254 : ('L_44_ROI', (0.282353, 0.32549, 0.219608, 1.0))
255 : ('L_45_ROI', (0.180392, 0.25098, 0.160784, 1.0))
256 : ('L_47l_ROI', (0.152941, 0.196078, 0.117647, 1.0))
257 : ('L_a47r_ROI', (0.317647, 0.290196, 0.270588, 1.0))
258 : ('L_6r_ROI', (0.67451, 0.803922, 0.576471, 1.0))
259 : ('L_IFJa_ROI', (0.45098, 0.419608, 0.360784, 1.0))
260 : ('L_IFJp_ROI', (0.501961, 0.552941, 0.478431, 1.0))
261 : ('L_IFSp_ROI', (0.396078, 0.384314, 0.360784, 1.0))
262 : ('L_IFSa_ROI', (0.729412, 0.741176, 0.686275, 1.0))
263 : ('L_p9-46v_ROI', (0.54902, 0.564706, 0.533333, 1.0))
264 : ('L_46_ROI', (0.792157, 0.827451, 0.768627, 1.0))
265 : ('L_a9-46v_ROI', (0.54902, 0.431373, 0.509804, 1.0))
266 : ('L_9-46d_ROI', (0.505882, 0.439216, 0.498039, 1.0))
267 : ('L_9a_ROI', (0.184314, 0.211765, 0.184314, 1.0))
268 : ('L_10v_ROI', (0.0117647, 0.121569, 0.0431373, 1.0))
269 : ('L_a10p_ROI', (0.360784, 0.262745, 0.321569, 1.0))
270 : ('L_10pp_ROI', (0.211765, 0.2, 0.219608, 1.0))
271 : ('L_11l_ROI', (0.505882, 0.415686, 0.466667, 1.0))
272 : ('L_13l_ROI', (0.345098, 0.247059, 0.290196, 1.0))
273 : ('L_OFC_ROI', (0.156863, 0.152941, 0.137255, 1.0))
274 : ('L_47s_ROI', (0.243137, 0.14902, 0.137255, 1.0))
275 : ('L_LIPd_ROI', (0.607843, 0.67451, 0.796078, 1.0))
276 : ('L_6a_ROI', (0.478431, 0.752941, 0.533333, 1.0))
277 : ('L_i6-8_ROI', (0.384314, 0.396078, 0.352941, 1.0))
278 : ('L_s6-8_ROI', (0.364706, 0.352941, 0.298039, 1.0))
279 : ('L_43_ROI', (0.52549, 0.537255, 0.239216, 1.0))
280 : ('L_OP4_ROI', (0.384314, 0.592157, 0.164706, 1.0))
281 : ('L_OP1_ROI', (0.368627, 0.6, 0.14902, 1.0))
282 : ('L_OP2-3_ROI', (0.52549, 0.466667, 0.196078, 1.0))
283 : ('L_52_ROI', (0.815686, 0.298039, 0.239216, 1.0))
284 : ('L_RI_ROI', (0.65098, 0.270588, 0.0980392, 1.0))
285 : ('L_PFcm_ROI', (0.698039, 0.568627, 0.352941, 1.0))
286 : ('L_PoI2_ROI', (0.482353, 0.498039, 0.317647, 1.0))
287 : ('L_TA2_ROI', (0.494118, 0.156863, 0.0901961, 1.0))
288 : ('L_FOP4_ROI', (0.662745, 0.541176, 0.478431, 1.0))
289 : ('L_MI_ROI', (0.584314, 0.435294, 0.407843, 1.0))
290 : ('L_Pir_ROI', (0.356863, 0.278431, 0.254902, 1.0))
291 : ('L_AVI_ROI', (0.521569, 0.27451, 0.32549, 1.0))
292 : ('L_AAIC_ROI', (0.333333, 0.133333, 0.156863, 1.0))
293 : ('L_FOP1_ROI', (0.556863, 0.564706, 0.305882, 1.0))
294 : ('L_FOP3_ROI', (0.678431, 0.521569, 0.392157, 1.0))
295 : ('L_FOP2_ROI', (0.384314, 0.611765, 0.223529, 1.0))
296 : ('L_PFt_ROI', (0.533333, 0.87451, 0.552941, 1.0))
297 : ('L_AIP_ROI', (0.541176, 0.858824, 0.647059, 1.0))
298 : ('L_EC_ROI', (0.184314, 0.196078, 0.152941, 1.0))
299 : ('L_PreS_ROI', (0.376471, 0.239216, 0.34902, 1.0))
300 : ('L_H_ROI', (0.247059, 0.223529, 0.176471, 1.0))
301 : ('L_ProS_ROI', (0.360784, 0.278431, 0.690196, 1.0))
302 : ('L_PeEc_ROI', (0.243137, 0.254902, 0.223529, 1.0))
303 : ('L_STGa_ROI', (0.184314, 0.180392, 0.0941176, 1.0))
304 : ('L_PBelt_ROI', (0.737255, 0.101961, 0.0313726, 1.0))
305 : ('L_A5_ROI', (0.352941, 0.172549, 0.0392157, 1.0))
306 : ('L_PHA1_ROI', (0.278431, 0.207843, 0.329412, 1.0))
307 : ('L_PHA3_ROI', (0.415686, 0.407843, 0.486275, 1.0))
308 : ('L_STSda_ROI', (0.247059, 0.207843, 0.137255, 1.0))
309 : ('L_STSdp_ROI', (0.223529, 0.227451, 0.137255, 1.0))
310 : ('L_STSvp_ROI', (0.25098, 0.207843, 0.203922, 1.0))
311 : ('L_TGd_ROI', (0.109804, 0.145098, 0.0941176, 1.0))
312 : ('L_TE1a_ROI', (0.0117647, 0.0588235, 0.00392157, 1.0))
313 : ('L_TE1p_ROI', (0.407843, 0.392157, 0.380392, 1.0))
314 : ('L_TE2a_ROI', (0.266667, 0.25098, 0.235294, 1.0))
315 : ('L_TF_ROI', (0.239216, 0.278431, 0.219608, 1.0))
316 : ('L_TE2p_ROI', (0.447059, 0.552941, 0.501961, 1.0))
317 : ('L_PHT_ROI', (0.913725, 0.984314, 0.894118, 1.0))
318 : ('L_PH_ROI', (0.329412, 0.470588, 0.631373, 1.0))
319 : ('L_TPOJ1_ROI', (0.462745, 0.360784, 0.270588, 1.0))
320 : ('L_TPOJ2_ROI', (0.596078, 0.603922, 0.545098, 1.0))
321 : ('L_TPOJ3_ROI', (0.462745, 0.533333, 0.572549, 1.0))
322 : ('L_DVT_ROI', (0.447059, 0.478431, 0.756863, 1.0))
323 : ('L_PGp_ROI', (0.635294, 0.737255, 0.901961, 1.0))
324 : ('L_IP2_ROI', (0.721569, 0.65098, 0.705882, 1.0))
325 : ('L_IP1_ROI', (0.478431, 0.482353, 0.533333, 1.0))
326 : ('L_IP0_ROI', (0.447059, 0.603922, 0.807843, 1.0))
327 : ('L_PFop_ROI', (0.690196, 0.792157, 0.54902, 1.0))
328 : ('L_PF_ROI', (1.0, 0.976471, 0.87451, 1.0))
329 : ('L_PFm_ROI', (0.541176, 0.403922, 0.45098, 1.0))
330 : ('L_PGi_ROI', (0.2, 0.25098, 0.2, 1.0))
331 : ('L_PGs_ROI', (0.266667, 0.27451, 0.235294, 1.0))
332 : ('L_V6A_ROI', (0.109804, 0.360784, 0.65098, 1.0))
333 : ('L_VMV1_ROI', (0.239216, 0.247059, 0.694118, 1.0))
334 : ('L_VMV3_ROI', (0.192157, 0.223529, 0.65098, 1.0))
335 : ('L_PHA2_ROI', (0.356863, 0.333333, 0.352941, 1.0))
336 : ('L_V4t_ROI', (0.0431373, 0.298039, 0.505882, 1.0))
337 : ('L_FST_ROI', (0.32549, 0.584314, 0.588235, 1.0))
338 : ('L_V3CD_ROI', (0.0588235, 0.184314, 0.705882, 1.0))
339 : ('L_LO3_ROI', (0.207843, 0.352941, 0.666667, 1.0))
340 : ('L_VMV2_ROI', (0.270588, 0.239216, 0.662745, 1.0))
341 : ('L_31pd_ROI', (0.215686, 0.133333, 0.215686, 1.0))
342 : ('L_31a_ROI', (0.568627, 0.396078, 0.490196, 1.0))
343 : ('L_VVC_ROI', (0.2, 0.223529, 0.486275, 1.0))
344 : ('L_25_ROI', (0.117647, 0.0941176, 0.0392157, 1.0))
345 : ('L_s32_ROI', (0.176471, 0.137255, 0.0745098, 1.0))
346 : ('L_pOFC_ROI', (0.321569, 0.227451, 0.258824, 1.0))
347 : ('L_PoI1_ROI', (0.662745, 0.45098, 0.4, 1.0))
348 : ('L_Ig_ROI', (0.360784, 0.545098, 0.145098, 1.0))
349 : ('L_FOP5_ROI', (0.596078, 0.380392, 0.4, 1.0))
350 : ('L_p10p_ROI', (0.364706, 0.25098, 0.329412, 1.0))
351 : ('L_p47r_ROI', (0.52549, 0.462745, 0.454902, 1.0))
352 : ('L_TGv_ROI', (0.14902, 0.207843, 0.160784, 1.0))
353 : ('L_MBelt_ROI', (0.713726, 0.0784314, 0.0705882, 1.0))
354 : ('L_LBelt_ROI', (0.901961, 0.0784314, 0.105882, 1.0))
355 : ('L_A4_ROI', (0.572549, 0.145098, 0.0156863, 1.0))
356 : ('L_STSva_ROI', (0.0980392, 0.121569, 0.0705882, 1.0))
357 : ('L_TE1m_ROI', (0.262745, 0.188235, 0.192157, 1.0))
358 : ('L_PI_ROI', (0.478431, 0.207843, 0.196078, 1.0))
359 : ('L_a32pr_ROI', (0.501961, 0.258824, 0.337255, 1.0))
360 : ('L_p24_ROI', (0.462745, 0.14902, 0.27451, 1.0))
361 : ('CEREBELLUM_LEFT', (0.901961, 0.580392, 0.133333, 1.0))
362 : ('THALAMUS_LEFT', (0.0, 0.462745, 0.054902, 1.0))
363 : ('CAUDATE_LEFT', (0.478431, 0.729412, 0.862745, 1.0))
364 : ('PUTAMEN_LEFT', (0.92549, 0.0509804, 0.690196, 1.0))
365 : ('PALLIDUM_LEFT', (0.0470588, 0.188235, 1.0, 1.0))
366 : ('BRAIN_STEM', (0.466667, 0.623529, 0.690196, 1.0))
367 : ('HIPPOCAMPUS_LEFT', (0.862745, 0.847059, 0.0784314, 1.0))
368 : ('AMYGDALA_LEFT', (0.403922, 1.0, 1.0, 1.0))
369 : ('ACCUMBENS_LEFT', (1.0, 0.647059, 0.0, 1.0))
370 : ('DIENCEPHALON_VENTRAL_LEFT', (0.647059, 0.164706, 0.164706, 1.0))
371 : ('CEREBELLUM_RIGHT', (0.901961, 0.580392, 0.133333, 1.0))
372 : ('THALAMUS_RIGHT', (0.0, 0.462745, 0.054902, 1.0))
373 : ('CAUDATE_RIGHT', (0.478431, 0.729412, 0.862745, 1.0))
374 : ('PUTAMEN_RIGHT', (0.92549, 0.0509804, 0.690196, 1.0))
375 : ('PALLIDUM_RIGHT', (0.0509804, 0.188235, 1.0, 1.0))
376 : ('HIPPOCAMPUS_RIGHT', (0.862745, 0.847059, 0.0784314, 1.0))
377 : ('AMYGDALA_RIGHT', (0.403922, 1.0, 1.0, 1.0))
378 : ('ACCUMBENS_RIGHT', (1.0, 0.647059, 0.0, 1.0))
379 : ('DIENCEPHALON_VENTRAL_RIGHT', (0.647059, 0.164706, 0.164706, 1.0))
